solver_type L2R_L2LOSS_SVC
nr_class 4
label 3 2 1 0
nr_feature 9
bias 1.000000000000000
w
-8.652153986959405 3.486575830787447 0.08575745056572877 1.823120180835201 
-2.259093646626933 1.440024249619293 0.1105085865713996 0.5748151407326697 
-2.715976911326779 0.9338518359234764 0.08637616160657186 0.1796400632970215 
0.3602772291516529 -1.815077462935187 0.009722212269223110 0.3795503765694479 
0.4829867800721971 -0.5207896873522974 -0.1640912248397649 0.08665940440848505 
-0.008523605785902410 0.1195832421367312 0.3454334507858774 -0.6002527354871561 
-2.739586622421637 2.112584144385127 -0.05585078322396650 -0.02184292815538171 
0.2213593702890776 -0.5084089973893220 -0.02954124323780565 0.2082548481258977 
0.4486365653327897 -0.4081269036534618 0.2711115260158522 -0.07417314270972919 
1.620774443939001 -1.296757808313672 -1.007731098976438 -1.107230494835052 
